0.42857142857142855, 610
0.5714285714285714, 608
0.7142857142857143, 405
0.43440233236151604, 296
0.4256559766763849, 294
0.717201166180758, 254
0.5, 228
0.7084548104956269, 218
0.6428571428571429, 216
0.43148688046647227, 181
0.705539358600583, 173
0.4169096209912536, 167
0.446064139941691, 166
0.39067055393586003, 162
0.43731778425655976, 161
0.565597667638484, 160
0.2857142857142857, 156
0.41399416909620995, 154
0.5685131195335277, 153
0.3994169096209913, 148
0.38775510204081637, 146
0.4227405247813411, 145
0.5772594752186588, 143
0.6967930029154518, 141
0.4489795918367347, 139
0.7259475218658892, 139
0.5743440233236151, 136
0.3177842565597668, 134
0.7521865889212828, 132
0.3032069970845481, 131
0.4693877551020408, 130
0.7434402332361516, 129
0.7288629737609329, 128
0.7113702623906706, 124
0.3323615160349854, 122
0.35714285714285715, 122
0.4431486880466472, 121
0.282798833819242, 120
0.4052478134110787, 120
0.5072886297376094, 118
0.673469387755102, 117
0.40233236151603496, 116
0.6822157434402332, 114
0.2944606413994169, 112
0.44023323615160354, 112
0.2886297376093294, 108
0.36443148688046645, 101
0.5860058309037901, 100
0.3760932944606414, 99
0.7551020408163265, 96
0.8571428571428571, 96
0.3790087463556851, 95
0.5306122448979592, 95
0.7405247813411078, 95
0.5568513119533528, 94
0.6005830903790087, 91
0.7201166180758017, 88
0.6122448979591837, 86
0.6997084548104956, 86
0.8250728862973761, 86
0.3206997084548105, 85
0.3527696793002915, 85
0.3556851311953353, 84
0.7230320699708456, 84
0.5801749271137027, 82
0.5626822157434402, 80
0.2915451895043732, 78
0.5422740524781341, 78
0.3615160349854228, 76
0.3819241982507289, 74
0.6676384839650146, 74
0.7959183673469388, 74
0.30612244897959184, 73
0.6938775510204082, 73
0.7376093294460642, 72
0.33819241982507287, 71
0.4752186588921283, 71
0.5889212827988338, 71
0.7857142857142857, 71
0.4110787172011662, 70
0.6705539358600584, 70
0.34402332361516036, 69
0.553935860058309, 69
0.3731778425655977, 68
0.6880466472303207, 67
0.7026239067055393, 67
0.7871720116618075, 67
0.4606413994169096, 66
0.5597667638483965, 65
0.4198250728862974, 64
0.6501457725947521, 64
0.34693877551020413, 63
0.7638483965014576, 63
0] 63
4] 63
0.41982507288629733, 62
0.6530612244897959, 62
0.27405247813411077, 61
0.48396501457725943, 61
10] 61
6] 61
7] 61
0.30029154518950435, 60
0.3352769679300292, 60
0.46355685131195334, 59
0.8104956268221574, 59
2] 59
0.5364431486880467, 58
0.6355685131195336, 58
5] 58
0.7696793002915452, 57
1] 57
0.3411078717201166, 56
0.8542274052478135, 56
0.8600583090379008, 56
0.45772594752186585, 55
3] 55
8] 55
9] 55
0.6239067055393586, 54
0.6618075801749271, 54
0.45481049562682213, 53
0.47813411078717205, 53
0.4810495626822157, 53
12] 53
0.3119533527696793, 52
0.6793002915451894, 52
0.7667638483965015, 52
0.3090379008746356, 51
0.32653061224489793, 51
0.46064139941690957, 51
0.521865889212828, 51
0.6180758017492712, 51
0.7900874635568513, 51
0.8425655976676385, 51
0.8483965014577259, 51
0.5830903790087464, 50
0.6355685131195334, 50
0.685131195335277, 50
0.760932944606414, 50
0.3177842565597667, 49
0.36734693877551017, 49
0.45189504373177847, 49
0.4723032069970845, 48
0.4897959183673469, 48
0.7405247813411079, 48
0.8134110787172012, 48
0.3294460641399417, 47
0.4927113702623907, 47
0.5918367346938774, 47
0.5189504373177842, 46
0.6268221574344023, 46
0.2594752186588921, 44
0.40816326530612246, 44
0.47230320699708456, 44
0.3469387755102041, 43
0.5451895043731778, 43
0.5481049562682215, 43
0.5247813411078718, 42
0.5335276967930029, 42
0.696793002915452, 42
0.7813411078717201, 42
0.32944606413994165, 41
0.7346938775510203, 40
0.8688046647230321, 40
0.37026239067055394, 39
0.4635568513119534, 39
0.4868804664723032, 39
0.7317784256559766, 39
0.7784256559766763, 39
0.8221574344023324, 39
0.8396501457725948, 39
0.5102040816326531, 38
0.8075801749271136, 38
0.27113702623906705, 37
0.49854227405247814, 37
0.5160349854227405, 37
0.5276967930029154, 37
0.6793002915451896, 37
0.8513119533527698, 37
[0.2857142857142857, 37
0.29737609329446063, 35
0.5393586005830904, 35
0.6064139941690962, 35
0.6384839650145773, 35
0.6588921282798833, 34
0.39941690962099125, 33
0.6151603498542274, 33
0.8396501457725947, 33
0.5947521865889213, 32
0.6326530612244898, 32
0.6443148688046646, 32
0.6909620991253644, 32
0.7988338192419825, 32
0.8046647230320699, 30
0.8163265306122449, 30
0.6209912536443148, 29
0.8338192419825072, 29
0.836734693877551, 29
0.5510204081632654, 28
0.6588921282798834, 28
0.7755102040816327, 28
0.4460641399416909, 27
0.6647230320699709, 27
0.6034985422740525, 26
0.5043731778425656, 25
0.597667638483965, 25
0.7725947521865889, 25
[0.2886297376093294, 25
0.24781341107871718, 24
0.5510204081632653, 24
0.3965014577259475, 23
0.8017492711370261, 23
0.489795918367347, 22
0.49562682215743437, 22
0.6938775510204083, 22
0.8309037900874635, 22
0.2653061224489796, 21
0.629737609329446, 21
0.6472303206997084, 21
0.7988338192419826, 21
0.60932944606414, 20
0.6559766763848396, 20
0.14285714285714285, 19
0.8950437317784257, 19
0.4927113702623906, 18
0.5976676384839649, 18
0.7463556851311954, 18
0.8454810495626822, 18
11] 18
[0.282798833819242, 18
0.358600583090379, 17
0.7784256559766762, 17
[0.2944606413994169, 17
0.37317784256559766, 16
0.6034985422740524, 15
0.8833819241982506, 15
0.7842565597667639, 14
[0.2594752186588921, 14
[0.3177842565597668, 14
[0.42857142857142855, 14
0.21428571428571427, 13
0.2565597667638484, 13
0.8717201166180758, 13
0.8979591836734694, 13
0.9285714285714286, 13
0.18367346938775508, 12
0.2303206997084548, 12
0.5131195335276968, 12
0.8775510204081632, 12
0.8862973760932944, 12
[0.7259475218658892, 12
0.21282798833819244, 11
0.3848396501457726, 11
[0.3206997084548105, 11
[0.4052478134110787, 11
0.6559766763848397, 10
[0.3323615160349854, 10
[0.34693877551020413, 10
[0.5714285714285714, 10
0.2448979591836735, 9
0.8833819241982507, 9
[0.27405247813411077, 9
[0.3032069970845481, 9
[0.33819241982507287, 9
[0.3556851311953353, 9
[0.7113702623906706, 9
[0.7551020408163265, 9
0.17784256559766765, 8
0.23615160349854225, 8
0.2769679300291545, 8
0.6209912536443147, 8
0.7580174927113702, 8
1.0, 8
[0.27113702623906705, 8
[0.29737609329446063, 8
[0.30029154518950435, 8
[0.3994169096209913, 8
[0.8600583090379008, 8
0.16034985422740525, 7
0.21574344023323613, 7
0.22448979591836735, 7
0.39358600583090375, 7
0.912536443148688, 7
0.9300291545189504, 7
[0.3352769679300292, 7
[0.35714285714285715, 7
[0.38775510204081637, 7
[0.4227405247813411, 7
[0.4256559766763849, 7
[0.8104956268221574, 7
0.1545189504373178, 6
0.1661807580174927, 6
0.2215743440233236, 6
0.23906705539358603, 6
0.314868804664723, 6
0.9067055393586004, 6
0.9416909620991253, 6
[0.3119533527696793, 6
[0.3411078717201166, 6
[0.3615160349854228, 6
[0.36443148688046645, 6
[0.5, 6
[0.6530612244897959, 6
[0.7230320699708456, 6
[0.7405247813411078, 6
[0.7871720116618075, 6
[0.8134110787172012, 6
0.641399416909621, 5
0.7638483965014577, 5
0.8279883381924199, 5
0.9183673469387755, 5
[0.2915451895043732, 5
[0.34402332361516036, 5
[0.3469387755102041, 5
[0.3760932944606414, 5
[0.705539358600583, 5
[0.7521865889212828, 5
[0.7638483965014576, 5
[0.7755102040816327, 5
[0.8075801749271136, 5
[0.8425655976676385, 5
[0.8571428571428571, 5
0.19533527696793002, 4
0.20116618075801748, 4
0.5043731778425655, 4
0.9067055393586007, 4
0.9591836734693878, 4
0.9766763848396501, 4
0.9912536443148687, 4
[0.21282798833819244, 4
[0.2303206997084548, 4
[0.2448979591836735, 4
[0.24781341107871718, 4
[0.2653061224489796, 4
[0.3090379008746356, 4
[0.3177842565597667, 4
[0.3527696793002915, 4
[0.358600583090379, 4
[0.39067055393586003, 4
[0.40233236151603496, 4
[0.4489795918367347, 4
[0.4752186588921283, 4
[0.6501457725947521, 4
[0.6938775510204082, 4
[0.7142857142857143, 4
[0.717201166180758, 4
[0.7288629737609329, 4
[0.7405247813411079, 4
[0.7725947521865889, 4
[0.7857142857142857, 4
[0.8250728862973761, 4
[0.8454810495626822, 4
0.18658892128279886, 3
0.20408163265306123, 3
0.4664723032069971, 3
0.5014577259475218, 3
0.6763848396501457, 3
0.7492711370262392, 3
0.9037900874635569, 3
0.9212827988338192, 3
0.9562682215743441, 3
0.9825072886297376, 3
0.988338192419825, 3
[0.20116618075801748, 3
[0.2769679300291545, 3
[0.32653061224489793, 3
[0.32944606413994165, 3
[0.39941690962099125, 3
[0.43440233236151604, 3
[0.43731778425655976, 3
[0.6268221574344023, 3
[0.6326530612244898, 3
[0.6428571428571429, 3
[0.6647230320699709, 3
[0.6822157434402332, 3
[0.6967930029154518, 3
[0.6997084548104956, 3
[0.7988338192419825, 3
[0.8513119533527698, 3
[0.8979591836734694, 3
0.14868804664723032, 2
0.18950437317784255, 2
0.23032069970845478, 2
0.5131195335276967, 2
0.8658892128279884, 2
0.9008746355685131, 2
0.9271137026239068, 2
0.9387755102040816, 2
0.9416909620991254, 2
0.9475218658892128, 2
0.9533527696793003, 2
0.9737609329446064, 2
[0.18950437317784255, 2
[0.21428571428571427, 2
[0.21574344023323613, 2
[0.23615160349854225, 2
[0.30612244897959184, 2
[0.36734693877551017, 2
[0.37026239067055394, 2
[0.3731778425655977, 2
[0.3790087463556851, 2
[0.3819241982507289, 2
[0.40816326530612246, 2
[0.41399416909620995, 2
[0.4169096209912536, 2
[0.44023323615160354, 2
[0.446064139941691, 2
[0.5422740524781341, 2
[0.5626822157434402, 2
[0.5772594752186588, 2
[0.6588921282798833, 2
[0.6705539358600584, 2
[0.6793002915451894, 2
[0.6880466472303207, 2
[0.7201166180758017, 2
[0.7376093294460642, 2
[0.7434402332361516, 2
[0.760932944606414, 2
[0.7696793002915452, 2
[0.8338192419825072, 2
[0.8396501457725948, 2
[0.8483965014577259, 2
[0.8542274052478135, 2
[0.8775510204081632, 2
0.16909620991253643, 1
0.24198250728862972, 1
0.27988338192419826, 1
0.9650145772594751, 1
0.9941690962099126, 1
0.9970845481049563, 1
[0.14285714285714285, 1
[0.15160349854227406, 1
[0.1545189504373178, 1
[0.17784256559766765, 1
[0.18658892128279886, 1
[0.19533527696793002, 1
[0.2215743440233236, 1
[0.22448979591836735, 1
[0.2565597667638484, 1
[0.3294460641399417, 1
[0.37317784256559766, 1
[0.39358600583090375, 1
[0.41982507288629733, 1
[0.4198250728862974, 1
[0.4431486880466472, 1
[0.45772594752186585, 1
[0.4606413994169096, 1
[0.47813411078717205, 1
[0.4927113702623906, 1
[0.4927113702623907, 1
[0.49562682215743437, 1
[0.49854227405247814, 1
[0.5043731778425656, 1
[0.5072886297376094, 1
[0.5102040816326531, 1
[0.5189504373177842, 1
[0.5276967930029154, 1
[0.5306122448979592, 1
[0.5451895043731778, 1
[0.5801749271137027, 1
[0.6005830903790087, 1
[0.60932944606414, 1
[0.6151603498542274, 1
[0.6180758017492712, 1
[0.6209912536443148, 1
[0.6239067055393586, 1
[0.6384839650145773, 1
[0.6618075801749271, 1
[0.685131195335277, 1
[0.7026239067055393, 1
[0.7084548104956269, 1
[0.7346938775510203, 1
[0.7813411078717201, 1
[0.7842565597667639, 1
[0.7900874635568513, 1
[0.7959183673469388, 1
[0.7988338192419826, 1
[0.8046647230320699, 1
[0.8163265306122449, 1
[0.8221574344023324, 1
[0.8309037900874635, 1
[0.8658892128279884, 1
[0.8688046647230321, 1
[0.8833819241982506, 1
[0.912536443148688, 1
[0.9271137026239068, 1
[0.9300291545189504, 1
[1.0, 1
madeupword0000 0
madeupword0001 0
madeupword0002 0
