0.42857142857142855, 747
0.5714285714285714, 671
0.7142857142857143, 489
0.2857142857142857, 307
0.4256559766763849, 277
0.43440233236151604, 264
0.5, 243
0.8571428571428571, 238
0.717201166180758, 225
0.6428571428571429, 222
0.7084548104956269, 188
0.14285714285714285, 174
0.43148688046647227, 166
0.446064139941691, 162
0.705539358600583, 157
0.3994169096209913, 153
0.4169096209912536, 147
0.6967930029154518, 147
0.43731778425655976, 146
0.565597667638484, 142
0.5685131195335277, 142
0.41399416909620995, 141
0.35714285714285715, 132
0.4431486880466472, 130
0.4693877551020408, 130
0.5772594752186588, 129
0.5072886297376094, 123
0.7259475218658892, 123
0.5743440233236151, 121
0.7434402332361516, 121
0.7288629737609329, 119
0.38775510204081637, 118
0.39067055393586003, 110
0.5568513119533528, 110
0.673469387755102, 109
0.4489795918367347, 108
0.44023323615160354, 107
0.7113702623906706, 106
0.40233236151603496, 101
0.4227405247813411, 101
0.5860058309037901, 101
0.6822157434402332, 101
1.0, 101
0.7405247813411078, 93
0.3032069970845481, 92
0.6997084548104956, 87
0.36443148688046645, 85
0.5306122448979592, 85
0.7521865889212828, 85
0.6005830903790087, 84
0.5422740524781341, 83
0.2944606413994169, 82
0.3790087463556851, 81
0.5626822157434402, 80
0.3206997084548105, 77
0.3556851311953353, 77
0.3323615160349854, 76
0.4052478134110787, 76
0.6122448979591837, 76
0.282798833819242, 75
0.7857142857142857, 75
0.2886297376093294, 73
0.3819241982507289, 73
0.6705539358600584, 73
0.7230320699708456, 73
0.3177842565597668, 72
0.553935860058309, 72
0.6938775510204082, 71
0.6880466472303207, 70
0.7201166180758017, 70
0.2915451895043732, 69
0.5889212827988338, 69
0.33819241982507287, 66
0.5801749271137027, 65
0.7871720116618075, 65
0.3527696793002915, 64
0.48396501457725943, 64
0.6530612244897959, 64
0.7551020408163265, 64
0.5597667638483965, 63
0.7959183673469388, 61
0.41982507288629733, 60
0.4110787172011662, 59
0.3731778425655977, 58
10] 58
7] 58
8] 58
9] 58
0.46355685131195334, 57
0.6355685131195336, 57
0.3760932944606414, 56
0.7026239067055393, 56
0.4606413994169096, 55
0.34402332361516036, 54
0.5830903790087464, 54
12] 54
0.8250728862973761, 53
2] 53
0.30612244897959184, 52
0.45481049562682213, 52
0.6268221574344023, 52
0.6355685131195334, 52
0.6618075801749271, 52
0.6793002915451894, 52
0] 52
3] 52
0.6676384839650146, 51
1] 51
0.3119533527696793, 50
0.4810495626822157, 50
0.4897959183673469, 50
0.5364431486880467, 50
0.6180758017492712, 50
0.7638483965014576, 50
5] 50
0.3090379008746356, 49
0.32653061224489793, 49
0.760932944606414, 49
4] 49
0.4752186588921283, 48
0.6501457725947521, 48
0.5918367346938774, 47
0.45189504373177847, 46
0.6239067055393586, 46
0.45772594752186585, 45
6] 45
0.521865889212828, 44
0.30029154518950435, 43
0.3294460641399417, 43
0.47230320699708456, 43
0.8483965014577259, 43
0.3469387755102041, 42
0.36734693877551017, 42
0.46064139941690957, 42
0.4723032069970845, 42
0.3411078717201166, 41
0.5189504373177842, 41
0.7784256559766763, 41
0.8542274052478135, 41
0.5160349854227405, 40
0.3615160349854228, 39
0.5247813411078718, 39
0.7346938775510203, 39
0.7696793002915452, 39
0.40816326530612246, 38
0.4198250728862974, 38
0.49854227405247814, 38
0.5102040816326531, 38
0.8134110787172012, 38
0.685131195335277, 37
0.4868804664723032, 36
0.5481049562682215, 36
0.7667638483965015, 35
0.32944606413994165, 34
0.5393586005830904, 34
0.7376093294460642, 34
0.8425655976676385, 34
0.8600583090379008, 34
[0.42857142857142855, 34
0.27405247813411077, 33
0.3177842565597667, 33
0.3352769679300292, 33
0.34693877551020413, 33
0.5335276967930029, 33
0.5451895043731778, 33
0.6588921282798834, 33
0.8221574344023324, 33
0.6909620991253644, 32
0.47813411078717205, 31
0.4927113702623907, 31
0.6064139941690962, 31
0.8104956268221574, 31
0.8396501457725947, 31
0.8513119533527698, 30
0.21428571428571427, 29
0.4635568513119534, 29
0.5947521865889213, 29
0.6443148688046646, 29
0.7813411078717201, 28
0.7317784256559766, 27
0.7988338192419825, 27
0.6209912536443148, 26
0.6326530612244898, 26
0.6384839650145773, 26
0.7900874635568513, 26
0.8046647230320699, 26
0.8396501457725948, 26
0.5276967930029154, 25
0.629737609329446, 25
0.8338192419825072, 25
0.29737609329446063, 24
0.6151603498542274, 24
0.6588921282798833, 24
0.7755102040816327, 24
0.8688046647230321, 24
0.5510204081632653, 23
0.60932944606414, 23
0.2594752186588921, 22
0.39941690962099125, 22
0.5510204081632654, 22
0.6034985422740525, 22
0.696793002915452, 22
0.7405247813411079, 22
0.8163265306122449, 22
0.37026239067055394, 21
0.4460641399416909, 21
0.6559766763848396, 21
0.6793002915451896, 21
0.9285714285714286, 21
0.27113702623906705, 20
0.6647230320699709, 20
0.4927113702623906, 19
0.5043731778425656, 19
0.5976676384839649, 19
0.8309037900874635, 19
11] 19
0.37317784256559766, 18
0.3965014577259475, 18
[0.5714285714285714, 17
0.358600583090379, 16
0.489795918367347, 16
0.49562682215743437, 16
0.597667638483965, 16
0.7784256559766762, 16
0.8017492711370261, 16
0.8075801749271136, 16
0.836734693877551, 16
0.8454810495626822, 16
0.6034985422740524, 15
0.7463556851311954, 15
0.6472303206997084, 14
0.6938775510204083, 14
[0.8571428571428571, 14
[0.43440233236151604, 13
0.18367346938775508, 12
0.2653061224489796, 11
0.8862973760932944, 11
0.8950437317784257, 11
[0.14285714285714285, 11
[0.36443148688046645, 11
[0.4256559766763849, 11
0.24781341107871718, 10
0.3848396501457726, 10
0.8833819241982506, 10
[0.3294460641399417, 10
[0.41399416909620995, 10
[0.5, 10
0.5131195335276968, 9
0.6559766763848397, 9
[0.3032069970845481, 9
[0.4052478134110787, 9
0.2565597667638484, 8
0.6209912536443147, 8
0.7842565597667639, 8
0.7988338192419826, 8
0.8717201166180758, 8
[0.2857142857142857, 8
[0.34402332361516036, 8
[0.39067055393586003, 8
[0.4169096209912536, 8
[0.7142857142857143, 8
[0.8104956268221574, 8
0.7580174927113702, 7
0.7725947521865889, 7
0.8979591836734694, 7
0.9300291545189504, 7
[0.2886297376093294, 7
[0.3760932944606414, 7
[0.43731778425655976, 7
[0.4431486880466472, 7
[0.6005830903790087, 7
[0.6428571428571429, 7
[0.717201166180758, 7
[0.8542274052478135, 7
0.16034985422740525, 6
0.2215743440233236, 6
0.22448979591836735, 6
0.39358600583090375, 6
0.8833819241982507, 6
0.9067055393586004, 6
[0.3177842565597668, 6
[0.3469387755102041, 6
[0.3615160349854228, 6
[0.3994169096209913, 6
[0.40233236151603496, 6
[1.0, 6
0.2303206997084548, 5
0.314868804664723, 5
0.641399416909621, 5
0.7638483965014577, 5
0.912536443148688, 5
0.9416909620991253, 5
[0.27405247813411077, 5
[0.282798833819242, 5
[0.3352769679300292, 5
[0.3556851311953353, 5
[0.35714285714285715, 5
[0.4227405247813411, 5
[0.44023323615160354, 5
[0.4489795918367347, 5
[0.4693877551020408, 5
[0.5072886297376094, 5
[0.5306122448979592, 5
[0.5772594752186588, 5
[0.6530612244897959, 5
[0.7521865889212828, 5
0.1545189504373178, 4
0.1661807580174927, 4
0.17784256559766765, 4
0.20408163265306123, 4
0.21282798833819244, 4
0.23615160349854225, 4
0.2448979591836735, 4
0.9067055393586007, 4
0.9183673469387755, 4
0.9591836734693878, 4
0.9737609329446064, 4
0.9825072886297376, 4
[0.2915451895043732, 4
[0.2944606413994169, 4
[0.3090379008746356, 4
[0.3177842565597667, 4
[0.3323615160349854, 4
[0.33819241982507287, 4
[0.3790087463556851, 4
[0.446064139941691, 4
[0.5102040816326531, 4
[0.5189504373177842, 4
[0.521865889212828, 4
[0.553935860058309, 4
[0.6676384839650146, 4
[0.6938775510204082, 4
[0.705539358600583, 4
[0.7405247813411078, 4
[0.7434402332361516, 4
[0.7725947521865889, 4
[0.7959183673469388, 4
0.18658892128279886, 3
0.18950437317784255, 3
0.19533527696793002, 3
0.23032069970845478, 3
0.23906705539358603, 3
0.2769679300291545, 3
0.4664723032069971, 3
0.5014577259475218, 3
0.5131195335276967, 3
0.7492711370262392, 3
0.9212827988338192, 3
0.9387755102040816, 3
0.9912536443148687, 3
[0.21428571428571427, 3
[0.29737609329446063, 3
[0.3206997084548105, 3
[0.32944606413994165, 3
[0.34693877551020413, 3
[0.36734693877551017, 3
[0.3731778425655977, 3
[0.38775510204081637, 3
[0.43148688046647227, 3
[0.46064139941690957, 3
[0.4752186588921283, 3
[0.48396501457725943, 3
[0.5422740524781341, 3
[0.5481049562682215, 3
[0.5626822157434402, 3
[0.5801749271137027, 3
[0.6705539358600584, 3
[0.6822157434402332, 3
[0.7084548104956269, 3
[0.7696793002915452, 3
[0.7755102040816327, 3
[0.8309037900874635, 3
[0.8483965014577259, 3
[0.8688046647230321, 3
[0.8833819241982507, 3
0.20116618075801748, 2
0.21574344023323613, 2
0.5043731778425655, 2
0.8279883381924199, 2
0.9008746355685131, 2
0.9037900874635569, 2
0.9416909620991254, 2
0.9562682215743441, 2
0.9650145772594751, 2
0.9766763848396501, 2
[0.2448979591836735, 2
[0.27113702623906705, 2
[0.2769679300291545, 2
[0.30029154518950435, 2
[0.3119533527696793, 2
[0.314868804664723, 2
[0.3411078717201166, 2
[0.37026239067055394, 2
[0.45772594752186585, 2
[0.46355685131195334, 2
[0.4897959183673469, 2
[0.4927113702623907, 2
[0.5276967930029154, 2
[0.5364431486880467, 2
[0.5393586005830904, 2
[0.5568513119533528, 2
[0.565597667638484, 2
[0.5743440233236151, 2
[0.597667638483965, 2
[0.6122448979591837, 2
[0.6239067055393586, 2
[0.6355685131195336, 2
[0.6443148688046646, 2
[0.673469387755102, 2
[0.6793002915451894, 2
[0.696793002915452, 2
[0.7113702623906706, 2
[0.7230320699708456, 2
[0.7288629737609329, 2
[0.7346938775510203, 2
[0.7551020408163265, 2
[0.7638483965014576, 2
[0.7667638483965015, 2
[0.7784256559766762, 2
[0.7842565597667639, 2
[0.8221574344023324, 2
[0.8250728862973761, 2
[0.8600583090379008, 2
[0.912536443148688, 2
0.16909620991253643, 1
0.24198250728862972, 1
0.27988338192419826, 1
0.6763848396501457, 1
0.8658892128279884, 1
0.8775510204081632, 1
0.9475218658892128, 1
0.988338192419825, 1
0.9970845481049563, 1
[0.21282798833819244, 1
[0.2215743440233236, 1
[0.22448979591836735, 1
[0.24781341107871718, 1
[0.2565597667638484, 1
[0.2594752186588921, 1
[0.2653061224489796, 1
[0.32653061224489793, 1
[0.3527696793002915, 1
[0.37317784256559766, 1
[0.4110787172011662, 1
[0.4198250728862974, 1
[0.45189504373177847, 1
[0.45481049562682213, 1
[0.4635568513119534, 1
[0.4723032069970845, 1
[0.47230320699708456, 1
[0.47813411078717205, 1
[0.4810495626822157, 1
[0.4868804664723032, 1
[0.49854227405247814, 1
[0.5043731778425655, 1
[0.5043731778425656, 1
[0.5160349854227405, 1
[0.5247813411078718, 1
[0.5510204081632653, 1
[0.5510204081632654, 1
[0.5685131195335277, 1
[0.5830903790087464, 1
[0.5860058309037901, 1
[0.5918367346938774, 1
[0.60932944606414, 1
[0.6209912536443148, 1
[0.6268221574344023, 1
[0.6793002915451896, 1
[0.6880466472303207, 1
[0.6909620991253644, 1
[0.6967930029154518, 1
[0.6997084548104956, 1
[0.7026239067055393, 1
[0.7201166180758017, 1
[0.7259475218658892, 1
[0.7317784256559766, 1
[0.7376093294460642, 1
[0.760932944606414, 1
[0.7900874635568513, 1
[0.8134110787172012, 1
[0.836734693877551, 1
[0.8396501457725947, 1
[0.8425655976676385, 1
[0.8454810495626822, 1
[0.8513119533527698, 1
[0.8862973760932944, 1
[0.8979591836734694, 1
[0.9037900874635569, 1
[0.9271137026239068, 1
[0.9300291545189504, 1
[0.9562682215743441, 1
[0.9737609329446064, 1
